data-hide-item: 9632, 16678
data-series-id: 
data-series-cover: 3967, 16735, 18841, 18850
seriesCard(: 9886, 9907, 9940, 10166, 10171, 10224, 10614, 13411, 14730, 14755, 14792, 18415, 18749, 18767, 18788, 18832
visibleCatalogItems(: 746, 4836, 4943, 4965, 4967, 9862, 10123, 10148, 12557, 13374, 13430, 13434, 13443, 13447, 13456, 14705, 14854, 18411, 18745, 18763, 18780
canViewCatalogItem(: 742, 747, 6545
loadCatalogVisibility(: 749, 3023
catalog_item_visibility: 752, 765, 766
state.db.library.filter: 4106, 4947, 4959, 9676, 10967, 12507, 12557, 12677, 14724, 14738, 14747, 14762, 14771, 14788, 14799, 14812, 14829, 14839, 14893, 15384, 18247, 18336, 18411, 18587, 18620, 18745, 18763, 18780
state.db.library.find: 545, 902, 971, 986, 993, 1031, 1062, 1117, 1349, 2261, 3745, 3923, 3923, 3936, 3964, 4014, 4044, 4059, 4548, 9520, 10628, 10629, 10660, 10669, 10848, 10905, 11106, 12649, 12954, 13545, 13611, 13938, 14621, 14631, 14683, 14871, 14873, 14884, 14913, 14928, 14989, 15014, 15030, 15031, 15152, 15247, 15294, 15363, 15365, 15484, 15613, 15756, 15904, 16288, 16324, 16571, 16666, 16690, 16708, 16710, 16718, 16741, 16744, 16748, 16752, 17264, 17666, 17737, 17764, 17799, 18155, 18197, 18226, 18287, 18343, 18404, 18625
function series: 4861, 4941, 8934, 18827, 18832
function renderAdmin: 
function renderSearch: 13372
function renderReader: 
function renderComics: 
function renderSeries: 15022
function openSeries: 3853, 15040, 15202, 18114
function openReader: 6530
function applyRoute: 1336
function render(): 15780
loadCatalogVisibility(): 749, 3023
hiddenCatalogItemIds: 433, 740, 750, 757, 763, 768, 768
function renderCard: 
